0,6,296~2,6,296
0,3,10~1,3,10
6,9,288~8,9,288
1,2,302~3,2,302
6,0,71~6,2,71
8,8,31~8,8,33
7,4,53~7,4,54
6,7,223~8,7,223
5,2,15~7,2,15
4,5,4~4,7,4
6,0,238~7,0,238
0,2,176~0,4,176
4,3,253~4,3,255
0,5,82~0,7,82
6,0,5~6,3,5
1,3,48~1,5,48
1,2,293~2,2,293
1,8,201~3,8,201
5,2,37~8,2,37
2,6,204~2,8,204
9,0,65~9,1,65
0,6,75~0,8,75
6,3,191~6,4,191
0,3,102~0,5,102
4,2,23~4,5,23
2,5,250~2,7,250
4,9,134~4,9,136
2,5,244~2,7,244
1,4,73~3,4,73
9,7,192~9,7,194
2,5,276~5,5,276
3,0,11~5,0,11
1,4,122~1,8,122
7,2,83~9,2,83
5,7,179~5,8,179
2,1,2~2,2,2
2,0,109~4,0,109
0,2,174~0,4,174
2,8,217~2,8,219
5,4,52~7,4,52
4,5,196~4,5,198
1,2,297~1,4,297
5,7,256~7,7,256
2,0,13~2,2,13
0,7,289~0,8,289
1,6,154~1,6,156
2,0,146~4,0,146
8,3,37~9,3,37
4,9,148~6,9,148
2,3,266~2,5,266
9,2,46~9,5,46
3,6,319~3,8,319
0,1,154~0,4,154
4,4,10~6,4,10
5,3,105~8,3,105
4,7,164~5,7,164
0,1,31~0,4,31
5,9,5~6,9,5
8,8,2~8,8,4
4,2,177~4,3,177
2,8,193~2,9,193
5,7,157~8,7,157
6,1,125~6,1,127
1,1,5~3,1,5
1,6,181~1,7,181
8,2,36~8,3,36
7,4,12~7,7,12
7,6,185~7,8,185
2,4,212~2,6,212
8,8,128~8,9,128
0,9,285~3,9,285
8,5,124~8,7,124
6,6,181~6,8,181
6,1,54~6,4,54
7,2,11~7,4,11
3,8,203~6,8,203
7,6,138~7,6,141
7,0,4~9,0,4
5,2,264~7,2,264
5,9,112~6,9,112
0,5,185~2,5,185
0,9,237~3,9,237
0,5,45~0,8,45
0,9,80~0,9,82
5,2,170~8,2,170
0,2,136~0,4,136
2,1,194~2,4,194
0,7,264~0,7,266
9,5,122~9,8,122
1,4,32~2,4,32
3,5,155~6,5,155
0,1,12~2,1,12
3,6,312~3,8,312
6,3,98~6,3,98
7,2,317~9,2,317
1,7,301~1,9,301
8,2,241~9,2,241
6,3,22~6,6,22
6,6,40~6,8,40
2,8,191~4,8,191